===R150===Are 150 100 0.9987375794479755 0.001469111592329541 0 0 0.5386666666666666 3h0m6.15506916s
Bers 150 100 0.9982224276634518 0.0013859664505694634 0 0 0.3944 327h24m31.226497001s
Dware 150 100 0.9986893639717325 0.0010233328004811272 0 0 0.43093333333333333 5h44m19.867512777s
Gar112 150 100 0.9995119427530118 0.0006184783438959921 0 0 0.6631333333333334 2h50m56.778395894s
Gar75 150 100 0.998242730788035 0.004562504208378851 0 0 0.6227333333333334 1h44m22.352015186s
H 150 100 0.9994292368549712 0.0003816865704702837 0 0 0.5791333333333334 4m46.991807452s
Ham 150 100 0.8333958664829544 0.18435414056598526 0 0 0.3347333333333333 2m24.353511481s
Ine 150 100 0.9991151251166717 0.0007180745442357756 0 0 0.5035333333333334 5m43.402881114s
Lsq 150 100 0.99934525090004 0.00043865972516165044 0 0 0.5568 7m43.450064334s
Msd 150 100 0.951261833859283 0.0790953791724659 0 0 0.4424 51m3.880414519s
Nsd 150 100 0.9549208053691273 0.0758096619743597 0 0 0.4572 37m29.370357123s
Par 150 100 0.9987255611360506 0.0010840850859386221 0 0 0.44633333333333336 19m12.824372772s
Psis 150 100 0.999461416062936 0.00036344554145471494 0 0 0.5722 19m46.746731207s
Rgar112 150 100 0.9833959198186587 0.009206295455237903 0 0 0.15926666666666667 1h32m18.134246164s
Rgar75 150 100 0.8771550735588249 0.21041400412484737 0 0 0.1096 58m23.543338871s
Ware 150 100 0.9993922574336639 0.00036467198125225535 0 0 0.5572 4h54m31.100533229s
Wrcug 150 100 0.9888412462776123 0.09797571555592262 0 0 0.5247333333333334 3h16m4.481696108s
Wrcwg 150 100 0.9898098226587851 0.09628621945051062 0 0 0.5632666666666667 1h57m7.941184992s
Wrug 150 100 0.7643040135117115 0.2373383290191285 0 0 0.1006 2h4m17.856910293s
Wrwg 150 100 0.9978541268500828 0.001292356449421664 0 0 0.39913333333333334 1h22m5.817947913s
