===R50===Are 50 100 0.999873229291717 0.0008825194649706966 0.69 0.69 0.982 144.847511636 
Bers 50 100 0.9999596638655467 6.712287260523718e-05 0.66 0.66 0.9832 5513.46798515 
Dware 50 100 0.9999510204081639 7.157630057946634e-05 0.61 0.61 0.9796 275.148164114 
Gar12 50 100 0.2210794717887156 0.20528084486410386 0.01 0.01 0.053 31.687254893 
Gar25 50 100 0.9920816326530616 0.07565860775923954 0.63 0.63 0.9676 80.00037843 
Gar37 50 100 0.9999394957983199 8.915123407391914e-05 0.58 0.58 0.9772 128.569595142 
H 50 100 0.9999625450180076 6.088556743148301e-05 0.69 0.69 0.9844 10.874812864 
Ham 50 100 0.9931438175270111 0.025547031358285267 0.61 0.61 0.9426 6.113260493 
Ine 50 100 0.9999539015606246 7.658782706186462e-05 0.66 0.66 0.9808 13.819595575 
Lsq 50 100 0.9999529411764709 6.328650477262781e-05 0.59 0.59 0.98 117.592051943 
Msd 50 100 0.9994746698679471 0.002084319701828329 0.68 0.68 0.9748 98.744042234 
Nsd 50 100 0.9984105642256904 0.006614744120534099 0.57 0.57 0.9564 73.364267172 
Par 50 100 0.9999654261704686 8.361299902815912e-05 0.74 0.74 0.9874 60.236494006 
Psis 50 100 0.9999567827130855 7.398289537710533e-05 0.69 0.69 0.982 44.871828647 
Rgar12 50 100 0.23218151260504197 0.2005721790493037 0 0 0.0468 41.637264354 
Rgar25 50 100 0.9999577430972394 7.516349821899008e-05 0.68 0.68 0.983 97.394603304 
Rgar37 50 100 0.9999404561824735 9.630965613524632e-05 0.6 0.6 0.977 147.016990289 
Ware 50 100 0.999961584633854 6.10460241213444e-05 0.67 0.67 0.984 218.49318031 
Wrcug 50 100 0.9718828331332537 0.15858593310995614 0.57 0.57 0.9408 140.714081773 
Wrcwg 50 100 0.9900984393757507 0.09860819519174445 0.67 0.67 0.9732 90.498519581 
Wrug 50 100 0.9959433373349347 0.020391730234086195 0.55 0.55 0.9476 129.236526075 
Wrwg 50 100 0.9907659063625454 0.09190441968749523 0.62 0.62 0.9724 70.72032484 
