Are 50 100 0.9989387755102045 0.00010157790600181318 0 0 0.6792 2m33.447088743s
Bers 50 100 0.998784153661463 0.00011519758397775392 0 0 0.6226 1h40m25.122534457s
Dware 50 100 0.9993872749099624 8.050209356984223e-05 0 0 0.7508 5m6.967974613s
Gar12 50 100 0.13523937575030012 0.11281673153025812 0 0 0.025 40.04370515s
Gar25 50 100 0.9992835534213679 9.596077718419865e-05 0 0 0.7668 1m30.27901123s
Gar37 50 100 0.9988830732292919 0.00013139438796791852 0 0 0.66 2m22.95083774s
H 50 100 0.9995793517406945 0.00010285847479060242 0 0 0.8302 12.154379437s
Ham 50 100 0.953288835534214 0.12046268241724997 0 0 0.5634 7.157480163s
Ine 50 100 0.9987198079231681 7.965862916633386e-05 0 0 0.6456 14.629155768s
Lsq 50 100 0.9995534213685454 0.00010780717489609542 0 0 0.8198 18.437686069s
Msd 50 100 0.9979668667466993 0.005735923782022833 0 0 0.872 1m51.682517886s
Nsd 50 100 0.998908043217287 0.0026747514182843715 0 0 0.8802 1m23.232067474s
Par 50 100 0.999683073229292 7.026925078483429e-05 0 0 0.8692 1m7.958870961s
Psis 50 100 0.9995572629051607 0.00012428151939725354 0 0 0.8244 49.398673211s
Rgar12 50 100 0.1516907563025209 0.14253958914425569 0 0 0.0268 50.838539229s
Rgar25 50 100 0.999282593037214 0.00011538748244409032 0 0 0.7678 1m48.654018128s
Rgar37 50 100 0.9988878751500603 0.00010850061426451848 0 0 0.6572 2m52.775808956s
Ware 50 100 0.9995783913565411 8.513130170172776e-05 0 0 0.8274 4m4.500198284s
Wrcug 50 100 0.9795803121248504 0.13622497070787096 0 0 0.668 2m36.471214974s
Wrcwg 50 100 0.9619985594237679 0.18507435032544456 0 0 0.7898 1m32.555766418s
Wrug 50 100 0.9934876350540212 0.02043043485545543 0 0 0.6238 2m39.967186781s
Wrwg 50 100 0.9995668667466971 9.505848051974405e-05 0 0 0.8238 1m16.606865416s
